// Job-specific Values Database
//
// Structure of Database:
// JobID,Weight,HPFactor,HPMultiplicator,SPFactor,Unarmed,Dagger,1HSword,2HSword,1HSpear,2HSpear,1HAxe,2HAxe,1HMace,2HMace(unused),Rod,Bow,Knuckle,Instrument,Whip,Book,Katar,Revolver,Rifle,Gatling Gun,Shotgun,Grenade Launcher,Fuuma Shuriken,2HStaff,Shield
//
// Novice
0,	920000,0    ,500  ,100  ,40  ,55  ,57  ,200 ,200 ,200 ,50  ,200 ,50  ,55  ,65  ,200 ,200 ,200 ,200 ,200 ,200 ,200 ,200 ,200 ,200 ,200 ,200 ,65  ,10
// Swordman
1,	928000,70   ,500  ,200  ,40  ,47  ,47  ,54  ,57  ,65  ,55  ,60  ,50  ,55  ,200 ,200 ,200 ,200 ,200 ,200 ,200 ,200 ,200 ,200 ,200 ,200 ,200 ,200 ,5
// Magician
2,	922000,30   ,500  ,600  ,50  ,50  ,200 ,200 ,200 ,200 ,200 ,200 ,200 ,200 ,55  ,200 ,200 ,200 ,200 ,200 ,200 ,200 ,200 ,200 ,200 ,200 ,200 ,55  ,10
// Archer
3,	926000,50   ,500  ,200  ,40  ,55  ,200 ,200 ,200 ,200 ,200 ,200 ,200 ,200 ,200 ,50  ,200 ,200 ,200 ,200 ,200 ,200 ,200 ,200 ,200 ,200 ,200 ,200 ,9
// Acolyte
4,	924000,40   ,500  ,500  ,40  ,200 ,200 ,200 ,200 ,200 ,200 ,200 ,45  ,50  ,60  ,200 ,200 ,200 ,200 ,200 ,200 ,200 ,200 ,200 ,200 ,200 ,200 ,60  ,7
// Merchant
5,	928000,40   ,500  ,300  ,40  ,52  ,52  ,200 ,200 ,200 ,48  ,55  ,50  ,55  ,200 ,200 ,200 ,200 ,200 ,200 ,200 ,200 ,200 ,200 ,200 ,200 ,200 ,200 ,5
// Thief
6,	924000,50   ,500  ,200  ,40  ,48  ,50  ,200 ,200 ,200 ,60  ,200 ,200 ,200 ,200 ,53  ,200 ,200 ,200 ,200 ,200 ,200 ,200 ,200 ,200 ,200 ,200 ,200 ,6
// Knight
7,	928000,150  ,500  ,300  ,40  ,49  ,45  ,52  ,55  ,60  ,50  ,55  ,45  ,50  ,200 ,200 ,200 ,200 ,200 ,200 ,200 ,200 ,200 ,200 ,200 ,200 ,200 ,200 ,5
// Priest
8,	926000,75   ,500  ,800  ,40  ,200 ,200 ,200 ,200 ,200 ,200 ,200 ,43  ,48  ,60  ,200 ,60  ,200 ,200 ,44  ,200 ,200 ,200 ,200 ,200 ,200 ,200 ,60  ,5
// Wizard
9,	924000,55   ,500  ,900  ,50  ,54  ,200 ,200 ,200 ,200 ,200 ,200 ,200 ,200 ,53  ,200 ,200 ,200 ,200 ,200 ,200 ,200 ,200 ,200 ,200 ,200 ,200 ,53  ,8
// Blacksmith
10,	930000,90   ,500  ,400  ,40  ,50  ,50  ,200 ,200 ,200 ,46  ,53  ,48  ,53  ,200 ,200 ,200 ,200 ,200 ,200 ,200 ,200 ,200 ,200 ,200 ,200 ,200 ,200 ,5
// Hunter
11,	927000,85   ,500  ,400  ,40  ,53  ,200 ,200 ,200 ,200 ,200 ,200 ,200 ,200 ,200 ,48  ,200 ,200 ,200 ,200 ,200 ,200 ,200 ,200 ,200 ,200 ,200 ,200 ,9
// Assassin
12,	924000,110  ,500  ,400  ,40  ,42  ,50  ,200 ,200 ,200 ,51  ,200 ,200 ,200 ,200 ,200 ,200 ,200 ,200 ,200 ,42  ,200 ,200 ,200 ,200 ,200 ,110 ,200 ,6
// Knight (Peco)
13,	928000,150  ,500  ,300  ,40  ,49  ,45  ,52  ,55  ,60  ,50  ,55  ,45  ,50  ,200 ,200 ,200 ,200 ,200 ,200 ,200 ,200 ,200 ,200 ,200 ,200 ,200 ,200 ,5
// Crusader
14,	928000,110  ,700  ,470  ,40  ,48  ,43  ,55  ,53  ,52  ,50  ,55  ,45  ,50  ,200 ,200 ,200 ,200 ,200 ,200 ,200 ,200 ,200 ,200 ,200 ,200 ,200 ,200 ,5
// Monk
15,	926000,90   ,650  ,470  ,40  ,200 ,200 ,200 ,200 ,200 ,200 ,200 ,43  ,48  ,60  ,200 ,40  ,200 ,200 ,200 ,200 ,200 ,200 ,200 ,200 ,200 ,200 ,58  ,5
// Sage
16,	924000,75   ,500  ,700  ,45  ,53  ,60  ,200 ,200 ,200 ,200 ,200 ,200 ,200 ,55  ,200 ,200 ,200 ,200 ,43  ,200 ,200 ,200 ,200 ,200 ,200 ,200 ,55  ,5
// Rogue
17,	924000,85   ,500  ,500  ,40  ,45  ,50  ,200 ,200 ,200 ,200 ,200 ,200 ,200 ,200 ,50  ,200 ,200 ,200 ,200 ,200 ,200 ,200 ,200 ,200 ,200 ,200 ,200 ,5
// Alchemist
18,	930000,90   ,500  ,400  ,40  ,50  ,45  ,200 ,200 ,200 ,45  ,52  ,45  ,50  ,200 ,200 ,200 ,200 ,200 ,200 ,200 ,200 ,200 ,200 ,200 ,200 ,200 ,200 ,4
// Bard
19,	927000,75   ,300  ,600  ,40  ,53  ,200 ,200 ,200 ,200 ,200 ,200 ,200 ,200 ,200 ,48  ,200 ,45  ,200 ,200 ,200 ,200 ,200 ,200 ,200 ,200 ,200 ,200 ,7
// Dancer
20,	927000,75   ,300  ,600  ,40  ,53  ,200 ,200 ,200 ,200 ,200 ,200 ,200 ,200 ,200 ,48  ,200 ,200 ,45  ,200 ,200 ,200 ,200 ,200 ,200 ,200 ,200 ,200 ,7
// Crusader (Peco)
21,	928000,110  ,700  ,470  ,40  ,48  ,43  ,55  ,53  ,52  ,50  ,55  ,45  ,50  ,200 ,200 ,200 ,200 ,200 ,200 ,200 ,200 ,200 ,200 ,200 ,200 ,200 ,200 ,5
// Wedding
22,	920000,0    ,500  ,100  ,200 ,200 ,200 ,200 ,200 ,200 ,200 ,200 ,200 ,200 ,200 ,200 ,200 ,200 ,200 ,200 ,200 ,200 ,200 ,200 ,200 ,200 ,200 ,200 ,200
// Super Novice
23,	920000,0    ,500  ,100  ,40  ,55  ,57  ,200 ,200 ,200 ,50  ,200 ,50  ,55  ,65  ,200 ,200 ,200 ,200 ,200 ,200 ,200 ,200 ,200 ,200 ,200 ,200 ,65  ,10
// Gunslinger
24,	928000,90   ,650  ,469  ,54  ,200 ,200 ,200 ,200 ,200 ,200 ,200 ,200 ,200 ,200 ,200 ,200 ,200 ,200 ,200 ,200 ,49  ,59  ,54  ,94  ,104 ,200 ,200 ,6
// Ninja
25,	926000,75   ,500  ,540  ,40  ,43  ,200 ,200 ,200 ,200 ,200 ,200 ,200 ,200 ,200 ,200 ,200 ,200 ,200 ,200 ,200 ,200 ,200 ,200 ,200 ,200 ,55  ,200 ,6
// Novice High
4001,	920000,0    ,500  ,100  ,40  ,55  ,57  ,200 ,200 ,200 ,50  ,200 ,50  ,55  ,65  ,200 ,200 ,200 ,200 ,200 ,200 ,200 ,200 ,200 ,200 ,200 ,200 ,65  ,10
// Swordman High
4002,	928000,70   ,500  ,200  ,40  ,47  ,47  ,54  ,57  ,65  ,55  ,60  ,50  ,55  ,200 ,200 ,200 ,200 ,200 ,200 ,200 ,200 ,200 ,200 ,200 ,200 ,200 ,200 ,5
// Magician High
4003,	922000,30   ,500  ,600  ,50  ,50  ,200 ,200 ,200 ,200 ,200 ,200 ,200 ,200 ,55  ,200 ,200 ,200 ,200 ,200 ,200 ,200 ,200 ,200 ,200 ,200 ,200 ,55  ,10
// Archer High
4004,	926000,50   ,500  ,200  ,40  ,55  ,200 ,200 ,200 ,200 ,200 ,200 ,200 ,200 ,200 ,50  ,200 ,200 ,200 ,200 ,200 ,200 ,200 ,200 ,200 ,200 ,200 ,200 ,9
// Acolyte High
4005,	924000,40   ,500  ,500  ,40  ,200 ,200 ,200 ,200 ,200 ,200 ,200 ,45  ,50  ,60  ,200 ,200 ,200 ,200 ,200 ,200 ,200 ,200 ,200 ,200 ,200 ,200 ,60  ,7
// Merchant High
4006,	928000,40   ,500  ,300  ,40  ,52  ,52  ,200 ,200 ,200 ,48  ,55  ,50  ,55  ,200 ,200 ,200 ,200 ,200 ,200 ,200 ,200 ,200 ,200 ,200 ,200 ,200 ,200 ,5
// Thief High
4007,	924000,50   ,500  ,200  ,40  ,48  ,50  ,200 ,200 ,200 ,60  ,200 ,200 ,200 ,200 ,53  ,200 ,200 ,200 ,200 ,200 ,200 ,200 ,200 ,200 ,200 ,200 ,200 ,6
// Lord Knight
4008,	928000,150  ,500  ,300  ,40  ,49  ,45  ,52  ,55  ,60  ,50  ,55  ,45  ,50  ,200 ,200 ,200 ,200 ,200 ,200 ,200 ,200 ,200 ,200 ,200 ,200 ,200 ,200 ,5
// High Priest
4009,	926000,75   ,500  ,800  ,40  ,200 ,200 ,200 ,200 ,200 ,200 ,200 ,43  ,48  ,60  ,200 ,60  ,200 ,200 ,44  ,200 ,200 ,200 ,200 ,200 ,200 ,200 ,60  ,5
// High Wizard
4010,	924000,55   ,500  ,900  ,50  ,54  ,200 ,200 ,200 ,200 ,200 ,200 ,200 ,200 ,53  ,200 ,200 ,200 ,200 ,200 ,200 ,200 ,200 ,200 ,200 ,200 ,200 ,53  ,8
// Whitesmith
4011,	930000,90   ,500  ,400  ,40  ,50  ,50  ,200 ,200 ,200 ,46  ,53  ,48  ,53  ,200 ,200 ,200 ,200 ,200 ,200 ,200 ,200 ,200 ,200 ,200 ,200 ,200 ,200 ,5
// Sniper
4012,	927000,85   ,500  ,400  ,40  ,53  ,200 ,200 ,200 ,200 ,200 ,200 ,200 ,200 ,200 ,48  ,200 ,200 ,200 ,200 ,200 ,200 ,200 ,200 ,200 ,200 ,200 ,200 ,9
// Assassin Cross
4013,	924000,110  ,500  ,400  ,40  ,42  ,50  ,200 ,200 ,200 ,51  ,200 ,200 ,200 ,200 ,200 ,200 ,200 ,200 ,200 ,42  ,200 ,200 ,200 ,200 ,200 ,110 ,200 ,6
// Lord Knight (Peco)
4014,	928000,150  ,500  ,300  ,40  ,49  ,45  ,52  ,55  ,60  ,50  ,55  ,45  ,50  ,200 ,200 ,200 ,200 ,200 ,200 ,200 ,200 ,200 ,200 ,200 ,200 ,200 ,200 ,5
// Paladin
4015,	928000,110  ,700  ,470  ,40  ,48  ,43  ,55  ,53  ,52  ,50  ,55  ,45  ,50  ,200 ,200 ,200 ,200 ,200 ,200 ,200 ,200 ,200 ,200 ,200 ,200 ,200 ,200 ,5
// Champion
4016,	926000,90   ,650  ,470  ,40  ,200 ,200 ,200 ,200 ,200 ,200 ,200 ,43  ,48  ,60  ,200 ,40  ,200 ,200 ,200 ,200 ,200 ,200 ,200 ,200 ,200 ,200 ,58  ,5
// Professor
4017,	924000,75   ,500  ,700  ,45  ,53  ,60  ,200 ,200 ,200 ,200 ,200 ,200 ,200 ,55  ,200 ,200 ,200 ,200 ,43  ,200 ,200 ,200 ,200 ,200 ,200 ,200 ,55  ,5
// Stalker
4018,	924000,85   ,500  ,500  ,40  ,45  ,50  ,200 ,200 ,200 ,200 ,200 ,200 ,200 ,200 ,50  ,200 ,200 ,200 ,200 ,200 ,200 ,200 ,200 ,200 ,200 ,200 ,200 ,5
// Creator
4019,	930000,90   ,500  ,400  ,40  ,50  ,45  ,200 ,200 ,200 ,45  ,52  ,45  ,50  ,200 ,200 ,200 ,200 ,200 ,200 ,200 ,200 ,200 ,200 ,200 ,200 ,200 ,200 ,4
// Clown
4020,	927000,75   ,300  ,600  ,40  ,53  ,200 ,200 ,200 ,200 ,200 ,200 ,200 ,200 ,200 ,48  ,200 ,45  ,200 ,200 ,200 ,200 ,200 ,200 ,200 ,200 ,200 ,200 ,7
// Gypsy
4021,	927000,75   ,300  ,600  ,40  ,53  ,200 ,200 ,200 ,200 ,200 ,200 ,200 ,200 ,200 ,48  ,200 ,200 ,45  ,200 ,200 ,200 ,200 ,200 ,200 ,200 ,200 ,200 ,7
// Paladin (Peco)
4022,	928000,110  ,700  ,470  ,40  ,48  ,43  ,55  ,53  ,52  ,50  ,55  ,45  ,50  ,200 ,200 ,200 ,200 ,200 ,200 ,200 ,200 ,200 ,200 ,200 ,200 ,200 ,200 ,5
// Baby Novice
4023,	920000,0    ,500  ,100  ,40  ,55  ,57  ,200 ,200 ,200 ,50  ,200 ,50  ,55  ,65  ,200 ,200 ,200 ,200 ,200 ,200 ,200 ,200 ,200 ,200 ,200 ,200 ,65  ,10
// Baby Swordman
4024,	928000,70   ,500  ,200  ,40  ,47  ,47  ,54  ,57  ,65  ,55  ,60  ,50  ,55  ,200 ,200 ,200 ,200 ,200 ,200 ,200 ,200 ,200 ,200 ,200 ,200 ,200 ,200 ,5
// Baby Magician
4025,	922000,30   ,500  ,600  ,50  ,50  ,200 ,200 ,200 ,200 ,200 ,200 ,200 ,200 ,55  ,200 ,200 ,200 ,200 ,200 ,200 ,200 ,200 ,200 ,200 ,200 ,200 ,55  ,10
// Baby Archer
4026,	926000,50   ,500  ,200  ,40  ,55  ,200 ,200 ,200 ,200 ,200 ,200 ,200 ,200 ,200 ,50  ,200 ,200 ,200 ,200 ,200 ,200 ,200 ,200 ,200 ,200 ,200 ,200 ,9
// Baby Acolyte
4027,	924000,40   ,500  ,500  ,40  ,200 ,200 ,200 ,200 ,200 ,200 ,200 ,45  ,50  ,60  ,200 ,200 ,200 ,200 ,200 ,200 ,200 ,200 ,200 ,200 ,200 ,200 ,60  ,7
// Baby Merchant
4028,	928000,40   ,500  ,300  ,40  ,52  ,52  ,200 ,200 ,200 ,48  ,55  ,50  ,55  ,200 ,200 ,200 ,200 ,200 ,200 ,200 ,200 ,200 ,200 ,200 ,200 ,200 ,200 ,5
// Baby Thief
4029,	924000,50   ,500  ,200  ,40  ,48  ,50  ,200 ,200 ,200 ,60  ,200 ,200 ,200 ,200 ,53  ,200 ,200 ,200 ,200 ,200 ,200 ,200 ,200 ,200 ,200 ,200 ,200 ,6
// Baby Knight
4030,	928000,150  ,500  ,300  ,40  ,49  ,45  ,52  ,55  ,60  ,50  ,55  ,45  ,50  ,200 ,200 ,200 ,200 ,200 ,200 ,200 ,200 ,200 ,200 ,200 ,200 ,200 ,200 ,5
// Baby Priest
4031,	926000,75   ,500  ,800  ,40  ,200 ,200 ,200 ,200 ,200 ,200 ,200 ,43  ,48  ,60  ,200 ,60  ,200 ,200 ,44  ,200 ,200 ,200 ,200 ,200 ,200 ,200 ,60  ,5
// Baby Wizard
4032,	924000,55   ,500  ,900  ,50  ,54  ,200 ,200 ,200 ,200 ,200 ,200 ,200 ,200 ,53  ,200 ,200 ,200 ,200 ,200 ,200 ,200 ,200 ,200 ,200 ,200 ,200 ,53  ,8
// Baby Blacksmith
4033,	930000,90   ,500  ,400  ,40  ,50  ,50  ,200 ,200 ,200 ,46  ,53  ,48  ,53  ,200 ,200 ,200 ,200 ,200 ,200 ,200 ,200 ,200 ,200 ,200 ,200 ,200 ,200 ,5
// Baby Hunter
4034,	927000,85   ,500  ,400  ,40  ,53  ,200 ,200 ,200 ,200 ,200 ,200 ,200 ,200 ,200 ,48  ,200 ,200 ,200 ,200 ,200 ,200 ,200 ,200 ,200 ,200 ,200 ,200 ,9
// Baby Assassin
4035,	924000,110  ,500  ,400  ,40  ,42  ,50  ,200 ,200 ,200 ,51  ,200 ,200 ,200 ,200 ,200 ,200 ,200 ,200 ,200 ,42  ,200 ,200 ,200 ,200 ,200 ,110 ,200 ,6
// Baby Knight (Peco)
4036,	928000,150  ,500  ,300  ,40  ,49  ,45  ,52  ,55  ,60  ,50  ,55  ,45  ,50  ,200 ,200 ,200 ,200 ,200 ,200 ,200 ,200 ,200 ,200 ,200 ,200 ,200 ,200 ,5
// Baby Crusader
4037,	928000,110  ,700  ,470  ,40  ,48  ,43  ,55  ,53  ,52  ,50  ,55  ,45  ,50  ,200 ,200 ,200 ,200 ,200 ,200 ,200 ,200 ,200 ,200 ,200 ,200 ,200 ,200 ,5
// Baby Monk
4038,	926000,90   ,650  ,470  ,40  ,200 ,200 ,200 ,200 ,200 ,200 ,200 ,43  ,48  ,60  ,200 ,40  ,200 ,200 ,200 ,200 ,200 ,200 ,200 ,200 ,200 ,200 ,58  ,5
// Baby Sage
4039,	924000,75   ,500  ,700  ,45  ,53  ,60  ,200 ,200 ,200 ,200 ,200 ,200 ,200 ,55  ,200 ,200 ,200 ,200 ,43  ,200 ,200 ,200 ,200 ,200 ,200 ,200 ,55  ,5
// Baby Rogue
4040,	924000,85   ,500  ,500  ,40  ,45  ,50  ,200 ,200 ,200 ,200 ,200 ,200 ,200 ,200 ,50  ,200 ,200 ,200 ,200 ,200 ,200 ,200 ,200 ,200 ,200 ,200 ,200 ,5
// Baby Alchemist
4041,	930000,90   ,500  ,400  ,40  ,50  ,45  ,200 ,200 ,200 ,45  ,52  ,45  ,50  ,200 ,200 ,200 ,200 ,200 ,200 ,200 ,200 ,200 ,200 ,200 ,200 ,200 ,200 ,4
// Baby Bard
4042,	927000,75   ,300  ,600  ,40  ,53  ,200 ,200 ,200 ,200 ,200 ,200 ,200 ,200 ,200 ,48  ,200 ,45  ,200 ,200 ,200 ,200 ,200 ,200 ,200 ,200 ,200 ,200 ,7
// Baby Dancer
4043,	927000,75   ,300  ,600  ,40  ,53  ,200 ,200 ,200 ,200 ,200 ,200 ,200 ,200 ,200 ,48  ,200 ,200 ,45  ,200 ,200 ,200 ,200 ,200 ,200 ,200 ,200 ,200 ,7
// Baby Crusader (Peco)
4044,	928000,110  ,700  ,470  ,40  ,48  ,43  ,55  ,53  ,52  ,50  ,55  ,45  ,50  ,200 ,200 ,200 ,200 ,200 ,200 ,200 ,200 ,200 ,200 ,200 ,200 ,200 ,200 ,5
// Baby Super Novice
4045,	920000,0    ,500  ,100  ,40  ,55  ,57  ,200 ,200 ,200 ,50  ,200 ,50  ,55  ,65  ,200 ,200 ,200 ,200 ,200 ,200 ,200 ,200 ,200 ,200 ,200 ,200 ,65  ,10
// Taekwon
4046,	928000,70   ,500  ,200  ,40  ,50  ,50  ,50  ,50  ,50  ,50  ,50  ,50  ,50  ,50  ,50  ,50  ,50  ,50  ,50  ,50  ,50  ,50  ,50  ,50  ,50  ,50  ,50  ,6
// Star Gladiator
4047,	928000,90   ,650  ,470  ,40  ,50  ,50  ,50  ,50  ,50  ,50  ,50  ,50  ,50  ,50  ,50  ,50  ,50  ,50  ,50  ,50  ,50  ,50  ,50  ,50  ,50  ,50  ,50  ,6
// Star Gladiator (flying)
4048,	928000,90   ,650  ,470  ,40  ,50  ,50  ,50  ,50  ,50  ,50  ,50  ,50  ,50  ,50  ,50  ,50  ,50  ,50  ,50  ,50  ,50  ,50  ,50  ,50  ,50  ,50  ,50  ,6
// Soul Linker
4049,	924000,75   ,500  ,900  ,50  ,50  ,200 ,200 ,200 ,200 ,200 ,200 ,200 ,200 ,53  ,200 ,200 ,200 ,200 ,200 ,200 ,200 ,200 ,200 ,200 ,200 ,200 ,55  ,8
// Gangsi (Bongun/Munak)
4050,	924000,65   ,500  ,300  ,40  ,55  ,55  ,55  ,55  ,55  ,55  ,55  ,55  ,55  ,55  ,55  ,55  ,55  ,55  ,55  ,55  ,55  ,55  ,55  ,55  ,55  ,55  ,55  ,0
// Death Knight
4051,	928000,150  ,500  ,300  ,40  ,55  ,55  ,55  ,55  ,55  ,55  ,55  ,55  ,55  ,55  ,55  ,55  ,55  ,55  ,55  ,55  ,55  ,55  ,55  ,55  ,55  ,55  ,55  ,0
// Dark Collector
4052,	924000,75   ,500  ,700  ,40  ,55  ,55  ,55  ,55  ,55  ,55  ,55  ,55  ,55  ,55  ,55  ,55  ,55  ,55  ,55  ,55  ,55  ,55  ,55  ,55  ,55  ,55  ,55  ,0
// Rune Knight (Regular)
4054,	935000,150  ,500  ,300  ,40  ,50  ,52  ,55  ,60  ,58  ,48  ,52  ,45  ,52  ,200 ,200 ,200 ,200 ,200 ,200 ,200 ,200 ,200 ,200 ,200 ,200 ,200 ,200 ,5
// Warlock (Regular)
4055,	930000,55   ,500  ,900  ,45  ,52  ,60  ,200 ,200 ,200 ,200 ,200 ,200 ,200 ,50  ,200 ,200 ,200 ,200 ,200 ,200 ,200 ,200 ,200 ,200 ,200 ,200 ,56  ,5
// Ranger (Regular)
4056,	932000,85   ,500  ,400  ,40  ,50  ,200 ,200 ,200 ,200 ,200 ,200 ,200 ,200 ,200 ,49  ,200 ,200 ,200 ,200 ,200 ,200 ,200 ,200 ,200 ,200 ,200 ,200 ,8
// Arch Bishop (Regular)
4057,	930000,75   ,500  ,800  ,45  ,200 ,200 ,200 ,200 ,200 ,200 ,200 ,45  ,45  ,60  ,200 ,50  ,200 ,200 ,44  ,200 ,200 ,200 ,200 ,200 ,200 ,200 ,55  ,5
// Mechanic (Regular)
4058,	938000,90   ,500  ,400  ,40  ,60  ,65  ,200 ,200 ,200 ,45  ,48  ,48  ,50  ,200 ,200 ,200 ,200 ,200 ,200 ,200 ,200 ,200 ,200 ,200 ,200 ,200 ,200 ,6
// Guillotine Cross (Regular)
4059,	932000,110  ,500  ,400  ,40  ,42  ,65  ,200 ,200 ,200 ,80  ,200 ,200 ,200 ,200 ,200 ,200 ,200 ,200 ,200 ,42  ,200 ,95  ,120 ,90  ,100 ,110 ,200 ,9
// Rune Knight (Trans)
4060,	935000,150  ,500  ,300  ,40  ,50  ,52  ,55  ,60  ,58  ,48  ,52  ,45  ,52  ,200 ,200 ,200 ,200 ,200 ,200 ,200 ,200 ,200 ,200 ,200 ,200 ,200 ,200 ,5
// Warlock (Trans)
4061,	930000,55   ,500  ,900  ,45  ,52  ,60  ,200 ,200 ,200 ,200 ,200 ,200 ,200 ,50  ,200 ,200 ,200 ,200 ,200 ,200 ,200 ,200 ,200 ,200 ,200 ,200 ,56  ,5
// Ranger (Trans)
4062,	932000,85   ,500  ,400  ,40  ,50  ,200 ,200 ,200 ,200 ,200 ,200 ,200 ,200 ,200 ,49  ,200 ,200 ,200 ,200 ,200 ,200 ,200 ,200 ,200 ,200 ,200 ,200 ,8
// Arch Bishop (Trans)
4063,	930000,75   ,500  ,800  ,45  ,200 ,200 ,200 ,200 ,200 ,200 ,200 ,45  ,45  ,60  ,200 ,50  ,200 ,200 ,44  ,200 ,200 ,200 ,200 ,200 ,200 ,200 ,55  ,5
// Mechanic (Trans)
4064,	938000,90   ,500  ,400  ,40  ,60  ,65  ,200 ,200 ,200 ,45  ,48  ,48  ,50  ,200 ,200 ,200 ,200 ,200 ,200 ,200 ,200 ,200 ,200 ,200 ,200 ,200 ,200 ,6
// Guillotine Cross (Trans)
4065,	932000,110  ,500  ,400  ,40  ,42  ,65  ,200 ,200 ,200 ,80  ,200 ,200 ,200 ,200 ,200 ,200 ,200 ,200 ,200 ,42  ,200 ,95  ,120 ,90  ,100 ,110 ,200 ,9
// Royal Guard (Regular)
4066,	935000,110  ,700  ,400  ,40  ,47  ,45  ,53  ,50  ,50  ,48  ,52  ,44  ,50  ,200 ,200 ,200 ,200 ,200 ,200 ,200 ,200 ,200 ,200 ,200 ,200 ,200 ,200 ,5
// Sorcerer (Regular)
4067,	930000,75   ,500  ,900  ,40  ,50  ,50  ,200 ,200 ,200 ,200 ,200 ,200 ,200 ,45  ,200 ,200 ,200 ,200 ,45  ,200 ,200 ,200 ,200 ,200 ,200 ,200 ,55  ,5
// Minstrel (Regular)
4068,	932000,75   ,300  ,400  ,40  ,52  ,200 ,200 ,200 ,200 ,200 ,200 ,200 ,200 ,200 ,49  ,200 ,44  ,200 ,200 ,200 ,200 ,200 ,200 ,200 ,200 ,200 ,200 ,7
// Wanderer (Regular)
4069,	932000,75   ,300  ,400  ,40  ,52  ,200 ,200 ,200 ,200 ,200 ,200 ,200 ,200 ,200 ,49  ,200 ,200 ,44  ,200 ,200 ,200 ,200 ,200 ,200 ,200 ,200 ,200 ,7
// Sura (Regular)
4070,	930000,90   ,650  ,400  ,38  ,200 ,200 ,200 ,200 ,200 ,200 ,200 ,43  ,45  ,48  ,200 ,39  ,200 ,200 ,200 ,200 ,200 ,200 ,200 ,200 ,200 ,200 ,50  ,5
// Genetic (Regular)
4071,	932000,90   ,500  ,900  ,40  ,50  ,44  ,200 ,200 ,200 ,48  ,51  ,44  ,48  ,200 ,200 ,200 ,200 ,200 ,200 ,200 ,200 ,200 ,200 ,200 ,200 ,200 ,200 ,4
// Shadow Chaser (Regular)
4072,	928000,85   ,500  ,400  ,40  ,43  ,47  ,200 ,200 ,200 ,200 ,200 ,200 ,200 ,200 ,47  ,200 ,200 ,200 ,200 ,200 ,200 ,200 ,200 ,200 ,200 ,200 ,200 ,4
// Royal Guard (Trans)
4073,	935000,110  ,700  ,400  ,40  ,47  ,45  ,53  ,50  ,50  ,48  ,52  ,44  ,50  ,200 ,200 ,200 ,200 ,200 ,200 ,200 ,200 ,200 ,200 ,200 ,200 ,200 ,200 ,5
// Sorcerer (Trans)
4074,	930000,75   ,500  ,900  ,40  ,50  ,50  ,200 ,200 ,200 ,200 ,200 ,200 ,200 ,45  ,200 ,200 ,200 ,200 ,45  ,200 ,200 ,200 ,200 ,200 ,200 ,200 ,55  ,5
// Minstrel (Trans)
4075,	932000,75   ,300  ,400  ,40  ,52  ,200 ,200 ,200 ,200 ,200 ,200 ,200 ,200 ,200 ,49  ,200 ,44  ,200 ,200 ,200 ,200 ,200 ,200 ,200 ,200 ,200 ,200 ,7
// Wanderer (Trans)
4076,	932000,75   ,300  ,400  ,40  ,52  ,200 ,200 ,200 ,200 ,200 ,200 ,200 ,200 ,200 ,49  ,200 ,200 ,44  ,200 ,200 ,200 ,200 ,200 ,200 ,200 ,200 ,200 ,7
// Sura (Trans)
4077,	930000,90   ,650  ,400  ,38  ,200 ,200 ,200 ,200 ,200 ,200 ,200 ,43  ,45  ,48  ,200 ,39  ,200 ,200 ,200 ,200 ,200 ,200 ,200 ,200 ,200 ,200 ,50  ,5
// Genetic (Trans)
4078,	932000,90   ,500  ,900  ,40  ,50  ,44  ,200 ,200 ,200 ,48  ,51  ,44  ,48  ,200 ,200 ,200 ,200 ,200 ,200 ,200 ,200 ,200 ,200 ,200 ,200 ,200 ,200 ,4
// Shadow Chaser (Trans)
4079,	928000,85   ,500  ,400  ,40  ,43  ,47  ,200 ,200 ,200 ,200 ,200 ,200 ,200 ,200 ,47  ,200 ,200 ,200 ,200 ,200 ,200 ,200 ,200 ,200 ,200 ,200 ,200 ,4
// Rune Knight (Dragon) (Regular)
4080,	935000,150  ,500  ,300  ,40  ,50  ,52  ,55  ,60  ,58  ,48  ,52  ,45  ,52  ,200 ,200 ,200 ,200 ,200 ,200 ,200 ,200 ,200 ,200 ,200 ,200 ,200 ,200 ,5
// Rune Knight (Dragon) (Trans)
4081,	935000,150  ,500  ,300  ,40  ,50  ,52  ,55  ,60  ,58  ,48  ,52  ,45  ,52  ,200 ,200 ,200 ,200 ,200 ,200 ,200 ,200 ,200 ,200 ,200 ,200 ,200 ,200 ,5
// Royal Guard (Gryphon) (Regular)
4082,	935000,110  ,700  ,400  ,40  ,47  ,45  ,53  ,50  ,50  ,48  ,52  ,44  ,50  ,200 ,200 ,200 ,200 ,200 ,200 ,200 ,200 ,200 ,200 ,200 ,200 ,200 ,200 ,5
// Royal Guard (Gryphon) (Trans)
4083,	935000,110  ,700  ,400  ,40  ,47  ,45  ,53  ,50  ,50  ,48  ,52  ,44  ,50  ,200 ,200 ,200 ,200 ,200 ,200 ,200 ,200 ,200 ,200 ,200 ,200 ,200 ,200 ,5
// Ranger (Warg) (Regular)
4084,	932000,85   ,500  ,400  ,40  ,50  ,200 ,200 ,200 ,200 ,200 ,200 ,200 ,200 ,200 ,49  ,200 ,200 ,200 ,200 ,200 ,200 ,200 ,200 ,200 ,200 ,200 ,200 ,8
// Ranger (Warg) (Trans)
4085,	932000,85   ,500  ,400  ,40  ,50  ,200 ,200 ,200 ,200 ,200 ,200 ,200 ,200 ,200 ,49  ,200 ,200 ,200 ,200 ,200 ,200 ,200 ,200 ,200 ,200 ,200 ,200 ,8
// Mechanic (Mado) (Regular)
4086,	938000,90   ,500  ,400  ,40  ,60  ,65  ,200 ,200 ,200 ,45  ,48  ,48  ,50  ,200 ,200 ,200 ,200 ,200 ,200 ,200 ,200 ,200 ,200 ,200 ,200 ,200 ,200 ,6
// Mechanic (Mado) (Trans)
4087,	938000,90   ,500  ,400  ,40  ,60  ,65  ,200 ,200 ,200 ,45  ,48  ,48  ,50  ,200 ,200 ,200 ,200 ,200 ,200 ,200 ,200 ,200 ,200 ,200 ,200 ,200 ,200 ,6
// Baby Rune Knight
4096,	928000,150  ,500  ,300  ,40  ,50  ,52  ,55  ,60  ,58  ,48  ,52  ,45  ,52  ,200 ,200 ,200 ,200 ,200 ,200 ,200 ,200 ,200 ,200 ,200 ,200 ,200 ,200 ,5
// Baby Warlock
4097,	924000,55   ,500  ,900  ,45  ,52  ,60  ,200 ,200 ,200 ,200 ,200 ,200 ,200 ,50  ,200 ,200 ,200 ,200 ,200 ,200 ,200 ,200 ,200 ,200 ,200 ,200 ,56  ,5
// Baby Ranger
4098,	927000,85   ,500  ,400  ,40  ,50  ,200 ,200 ,200 ,200 ,200 ,200 ,200 ,200 ,200 ,49  ,200 ,200 ,200 ,200 ,200 ,200 ,200 ,200 ,200 ,200 ,200 ,200 ,8
// Baby Arch Bishop
4099,	926000,75   ,500  ,800  ,45  ,200 ,200 ,200 ,200 ,200 ,200 ,200 ,45  ,45  ,60  ,200 ,50  ,200 ,200 ,44  ,200 ,200 ,200 ,200 ,200 ,200 ,200 ,55  ,5
// Baby Mechanic
4100,	930000,90   ,500  ,400  ,40  ,60  ,65  ,200 ,200 ,200 ,45  ,48  ,48  ,50  ,200 ,200 ,200 ,200 ,200 ,200 ,200 ,200 ,200 ,200 ,200 ,200 ,200 ,200 ,6
// Baby Guillotine Cross
4101,	924000,110  ,500  ,400  ,40  ,42  ,65  ,200 ,200 ,200 ,80  ,200 ,200 ,200 ,200 ,200 ,200 ,200 ,200 ,200 ,42  ,200 ,95  ,120 ,90  ,100 ,110 ,200 ,9
// Baby Royal Guard
4102,	928000,110  ,700  ,400  ,40  ,47  ,45  ,53  ,50  ,50  ,48  ,52  ,44  ,50  ,200 ,200 ,200 ,200 ,200 ,200 ,200 ,200 ,200 ,200 ,200 ,200 ,200 ,200 ,5
// Baby Sorcerer
4103,	924000,75   ,500  ,900  ,40  ,50  ,50  ,200 ,200 ,200 ,200 ,200 ,200 ,200 ,45  ,200 ,200 ,200 ,200 ,45  ,200 ,200 ,200 ,200 ,200 ,200 ,200 ,55  ,5
// Baby Minstrel
4104,	927000,75   ,300  ,400  ,40  ,52  ,200 ,200 ,200 ,200 ,200 ,200 ,200 ,200 ,200 ,49  ,200 ,44  ,200 ,200 ,200 ,200 ,200 ,200 ,200 ,200 ,200 ,200 ,7
// Baby Wanderer
4105,	927000,75   ,300  ,400  ,40  ,52  ,200 ,200 ,200 ,200 ,200 ,200 ,200 ,200 ,200 ,49  ,200 ,200 ,44  ,200 ,200 ,200 ,200 ,200 ,200 ,200 ,200 ,200 ,7
// Baby Sura
4106,	926000,90   ,650  ,400  ,38  ,200 ,200 ,200 ,200 ,200 ,200 ,200 ,43  ,45  ,48  ,200 ,39  ,200 ,200 ,200 ,200 ,200 ,200 ,200 ,200 ,200 ,200 ,50  ,5
// Baby Genetic
4107,	930000,90   ,500  ,900  ,40  ,50  ,44  ,200 ,200 ,200 ,48  ,51  ,44  ,48  ,200 ,200 ,200 ,200 ,200 ,200 ,200 ,200 ,200 ,200 ,200 ,200 ,200 ,200 ,4
// Baby Shadow Chaser
4108,	924000,85   ,500  ,400  ,40  ,43  ,47  ,200 ,200 ,200 ,200 ,200 ,200 ,200 ,200 ,47  ,200 ,200 ,200 ,200 ,200 ,200 ,200 ,200 ,200 ,200 ,200 ,200 ,4
// Baby Rune Knight (Dragon)
4109,	928000,150  ,500  ,300  ,40  ,50  ,52  ,55  ,60  ,58  ,48  ,52  ,45  ,52  ,200 ,200 ,200 ,200 ,200 ,200 ,200 ,200 ,200 ,200 ,200 ,200 ,200 ,200 ,5
// Baby Royal Guard (Gryphon)
4110,	928000,110  ,700  ,400  ,40  ,47  ,45  ,53  ,50  ,50  ,48  ,52  ,44  ,50  ,200 ,200 ,200 ,200 ,200 ,200 ,200 ,200 ,200 ,200 ,200 ,200 ,200 ,200 ,5
// Baby Ranger (Warg)
4111,	927000,85   ,500  ,400  ,40  ,50  ,200 ,200 ,200 ,200 ,200 ,200 ,200 ,200 ,200 ,49  ,200 ,200 ,200 ,200 ,200 ,200 ,200 ,200 ,200 ,200 ,200 ,200 ,8
// Baby Mechanic (Mado)
4112,	930000,90   ,500  ,400  ,40  ,60  ,65  ,200 ,200 ,200 ,45  ,48  ,48  ,50  ,200 ,200 ,200 ,200 ,200 ,200 ,200 ,200 ,200 ,200 ,200 ,200 ,200 ,200 ,6
// Super Novice (Expanded)
4190,	920000,0    ,5000 ,500  ,40  ,55  ,57  ,200 ,200 ,200 ,50  ,200 ,50  ,55  ,65  ,200 ,200 ,200 ,200 ,200 ,200 ,200 ,200 ,200 ,200 ,200 ,200 ,65  ,10
// Super Baby (Expanded)
4191,	920000,0    ,500  ,100  ,40  ,55  ,57  ,200 ,200 ,200 ,50  ,200 ,50  ,55  ,65  ,200 ,200 ,200 ,200 ,200 ,200 ,200 ,200 ,200 ,200 ,200 ,200 ,65  ,10
// Kagerou
4211,	926000,75   ,500  ,540  ,40  ,45  ,200 ,200 ,200 ,200 ,200 ,200 ,200 ,200 ,200 ,200 ,200 ,200 ,200 ,200 ,200 ,200 ,200 ,200 ,200 ,200 ,50  ,200 ,3
// Oboro
4212,	926000,75   ,500  ,540  ,40  ,45  ,200 ,200 ,200 ,200 ,200 ,200 ,200 ,200 ,200 ,200 ,200 ,200 ,200 ,200 ,200 ,200 ,200 ,200 ,200 ,200 ,50  ,200 ,3
// Rebellion
4215,	928000,90   ,650  ,469  ,54  ,200 ,200 ,200 ,200 ,200 ,200 ,200 ,200 ,200 ,200 ,200 ,200 ,200 ,200 ,200 ,200 ,49  ,59  ,54  ,94  ,104 ,200 ,200 ,6
// Summoner
4218,	920000,70   ,500  ,500  ,40  ,200 ,200 ,200 ,200 ,200 ,200 ,200 ,200 ,200 ,60  ,200 ,200 ,200 ,200 ,200 ,200 ,200 ,200 ,200 ,200 ,200 ,200 ,200 ,7
// Baby Summoner
4220,	920000,100  ,700  ,200  ,40  ,200 ,200 ,200 ,200 ,200 ,200 ,200 ,200 ,200 ,60  ,200 ,200 ,200 ,200 ,200 ,200 ,200 ,200 ,200 ,200 ,200 ,200 ,200 ,7
// Baby Ninja
4222,	926000,75   ,500  ,540  ,40  ,43  ,200 ,200 ,200 ,200 ,200 ,200 ,200 ,200 ,200 ,200 ,200 ,200 ,200 ,200 ,200 ,200 ,200 ,200 ,200 ,200 ,55  ,200 ,6
// Baby Kagerou
4223,	926000,75   ,500  ,540  ,40  ,45  ,200 ,200 ,200 ,200 ,200 ,200 ,200 ,200 ,200 ,200 ,200 ,200 ,200 ,200 ,200 ,200 ,200 ,200 ,200 ,200 ,50  ,200 ,3
// Baby Oboro
4224,	926000,75   ,500  ,540  ,40  ,45  ,200 ,200 ,200 ,200 ,200 ,200 ,200 ,200 ,200 ,200 ,200 ,200 ,200 ,200 ,200 ,200 ,200 ,200 ,200 ,200 ,50  ,200 ,3
// Baby Taekwon
4225,	928000,70   ,500  ,200  ,40  ,50  ,50  ,50  ,50  ,50  ,50  ,50  ,50  ,50  ,50  ,50  ,50  ,50  ,50  ,50  ,50  ,50  ,50  ,50  ,50  ,50  ,50  ,50  ,6
// Baby Star Gladiator
4226,	928000,90   ,650  ,470  ,40  ,50  ,50  ,50  ,50  ,50  ,50  ,50  ,50  ,50  ,50  ,50  ,50  ,50  ,50  ,50  ,50  ,50  ,50  ,50  ,50  ,50  ,50  ,50  ,6
// Baby Soul Linker
4227,	924000,75   ,500  ,900  ,50  ,50  ,200 ,200 ,200 ,200 ,200 ,200 ,200 ,200 ,53  ,200 ,200 ,200 ,200 ,200 ,200 ,200 ,200 ,200 ,200 ,200 ,200 ,55  ,8
// Baby Gunslinger
4228,	928000,90   ,650  ,469  ,54  ,200 ,200 ,200 ,200 ,200 ,200 ,200 ,200 ,200 ,200 ,200 ,200 ,200 ,200 ,200 ,200 ,49  ,59  ,54  ,94  ,104 ,200 ,200 ,6
// Baby Rebellion
4229,	928000,90   ,650  ,469  ,54  ,200 ,200 ,200 ,200 ,200 ,200 ,200 ,200 ,200 ,200 ,200 ,200 ,200 ,200 ,200 ,200 ,49  ,59  ,54  ,94  ,104 ,200 ,200 ,6
// Baby Star Gladiator (Union)
4238,	928000,90   ,650  ,470  ,40  ,50  ,50  ,50  ,50  ,50  ,50  ,50  ,50  ,50  ,50  ,50  ,50  ,50  ,50  ,50  ,50  ,50  ,50  ,50  ,50  ,50  ,50  ,50  ,6
// Star Emperor
4239,	928000,90   ,650  ,470  ,40  ,50  ,50  ,50  ,50  ,50  ,50  ,50  ,50  ,50  ,50  ,50  ,50  ,50  ,50  ,50  ,50  ,50  ,50  ,50  ,50  ,50  ,50  ,50  ,6
// Soul Reaper
4240,	924000,75   ,500  ,900  ,50  ,50  ,200 ,200 ,200 ,200 ,200 ,200 ,200 ,200 ,53  ,200 ,200 ,200 ,200 ,200 ,200 ,200 ,200 ,200 ,200 ,200 ,200 ,55  ,8
// Baby Star Emperor
4241,	928000,90   ,650  ,470  ,40  ,50  ,50  ,50  ,50  ,50  ,50  ,50  ,50  ,50  ,50  ,50  ,50  ,50  ,50  ,50  ,50  ,50  ,50  ,50  ,50  ,50  ,50  ,50  ,6
// Baby Soul Reaper
4242,	924000,75   ,500  ,900  ,50  ,50  ,200 ,200 ,200 ,200 ,200 ,200 ,200 ,200 ,53  ,200 ,200 ,200 ,200 ,200 ,200 ,200 ,200 ,200 ,200 ,200 ,200 ,55  ,8
// Star Emperor (Union)
4243,	928000,90   ,650  ,470  ,40  ,50  ,50  ,50  ,50  ,50  ,50  ,50  ,50  ,50  ,50  ,50  ,50  ,50  ,50  ,50  ,50  ,50  ,50  ,50  ,50  ,50  ,50  ,50  ,6
// Baby Star Emperor (Union)
4244,	928000,90   ,650  ,470  ,40  ,50  ,50  ,50  ,50  ,50  ,50  ,50  ,50  ,50  ,50  ,50  ,50  ,50  ,50  ,50  ,50  ,50  ,50  ,50  ,50  ,50  ,50  ,50  ,6
